f;f;f;f;f;f;f;f;f;f;f;f;f;f;f;f;f;f;f;f;f;f;f;f;f;f;f;f;f;f;f;f;f;f;f;f;f;f;f;f;f;f;f;f;f;f;f;f;f;f;f;f;f;f;f;f;f;f;f;f;f;f;f;f;f;f;f;f;f;f;f;f;f;f;f;f;f;f;f;f;f;f;f;f;f;f;f;f;f;f;f;f;f;f;f;f;f;f;f;f;f;f;f;f;f;f;f;f;f;f;f;f;f;f;f;f;f;f;f;f;f;f;f
f;f;f;f;f;f;f;f;f;f;f;f;f;f;f;f;f;f;f;f;f;f;f;f;f;f;f;f;f;f;f;f;f;f;f;f;f;f;f;f;f;f;f;f;f;f;f;f;f;f;f;f;f;f;f;f;f;f;f;f;f;f;f;f;f;f;f;f;f;f;f;f;f;f;f;f;f;f;f;f;f;f;f;f;f;f;f;f;f;f;f;f;f;f;f;f;f;f;f;f;f;f;f;f;f;f;f;f;f;f;f;f;f;f;f;f;f;f;f;f;f;f;f
f;f;f;f;f;f;f;f;f;f;f;f;f;f;f;f;f;f;f;f;f;f;f;f;f;f;f;f;f;f;f;f;f;f;f;f;f;f;f;f;f;f;f;f;f;f;f;f;f;f;f;f;f;f;f;f;f;f;f;f;f;f;f;f;f;f;f;f;f;f;f;f;f;f;f;f;f;f;f;f;f;f;f;f;f;f;f;f;f;f;f;f;f;f;f;f;f;f;f;f;f;f;f;f;f;f;f;f;f;f;f;f;f;f;f;f;f;f;f;f;f;f;f
f;f;f;f;f;f;f;f;f;f;f;f;f;f;f;f;f;f;f;f;f;f;f;f;f;f;f;f;f;f;f;f;f;f;f;f;f;f;f;f;f;f;f;f;f;f;f;f;f;f;f;f;f;f;f;f;f;f;f;f;f;f;f;f;f;f;f;f;f;f;f;f;f;f;f;f;f;f;f;f;f;f;f;f;f;f;f;f;f;f;f;f;f;f;f;f;f;f;f;f;f;f;f;f;f;f;f;f;f;f;f;f;f;f;f;f;f;f;f;f;f;f;f
f;f;f;f;f;f;f;f;f;f;f;f;f;f;f;f;f;f;f;f;f;f;f;f;f;f;f;f;f;f;f;f;f;f;f;f;f;f;f;f;f;f;f;f;f;f;f;f;f;f;f;f;f;f;f;f;f;f;f;f;f;f;f;f;f;f;f;f;f;f;f;f;f;f;f;f;f;f;f;f;f;f;f;f;f;f;f;f;f;f;f;f;f;f;f;f;f;f;f;f;f;f;f;f;f;f;f;f;f;f;f;f;f;f;f;f;f;f;f;f;f;f;f
f;f;f;f;f;f;f;f;f;f;f;f;f;f;f;f;f;f;f;f;f;f;f;f;f;f;f;f;f;f;f;f;f;f;f;f;f;f;f;f;f;f;f;f;f;f;f;f;f;f;f;f;f;f;f;f;f;f;f;f;f;f;f;f;f;f;f;f;f;f;f;f;f;f;f;f;f;f;f;f;f;f;f;f;f;f;f;f;f;f;f;f;f;f;f;f;f;f;f;f;f;f;f;f;f;f;f;f;f;f;f;f;f;f;f;f;f;f;f;f;f;f;f
f;f;f;f;f;f;f;f;f;f;f;f;f;f;f;f;f;f;f;f;f;f;f;f;f;f;f;f;f;f;f;f;f;f;f;f;f;f;f;f;f;f;f;f;f;f;f;f;f;f;f;f;f;f;f;f;f;f;f;f;f;f;f;f;f;f;f;f;f;f;f;f;f;f;f;f;f;f;f;f;f;f;f;f;f;f;f;f;f;f;f;f;f;f;f;f;f;f;f;f;f;f;f;f;f;f;f;f;f;f;f;f;f;f;f;f;f;f;f;f;f;f;f
f;f;f;f;f;f;f;f;f;f;f;f;f;f;f;f;f;f;f;f;f;f;f;f;f;f;f;f;f;f;f;f;f;f;f;f;f;f;f;f;f;f;f;f;f;f;f;f;f;f;f;f;f;f;f;f;f;f;f;f;f;f;f;f;f;f;f;f;f;f;f;f;f;f;f;f;f;f;f;f;f;f;f;f;f;f;f;f;f;f;f;f;f;f;f;f;f;f;f;f;f;f;f;f;f;f;f;f;f;f;f;f;f;f;f;f;f;f;f;f;f;f;f
f;f;f;f;f;f;f;f;f;f;f;f;f;f;f;f;f;f;f;f;f;f;f;f;f;f;f;f;f;f;f;f;f;f;f;f;f;f;f;f;f;f;f;f;f;f;f;f;f;f;f;f;f;f;f;f;f;f;f;f;f;f;f;f;f;f;f;f;f;f;f;f;f;f;f;f;f;f;f;f;f;f;f;f;f;f;f;f;f;f;f;f;f;f;f;f;f;f;f;f;f;f;f;f;f;f;f;f;f;f;f;f;f;f;f;f;f;f;f;f;f;f;f
f;f;f;f;f;f;f;f;f;f;f;f;f;f;f;f;f;f;f;f;f;f;f;f;f;f;f;f;f;f;f;f;f;f;f;f;f;f;f;f;f;f;f;f;f;f;f;f;f;f;f;f;f;f;f;f;f;f;f;f;f;f;f;f;f;f;f;f;f;f;f;f;f;f;f;f;f;f;f;f;f;f;f;f;f;f;f;f;f;f;f;f;f;f;f;f;f;f;f;f;f;f;f;f;f;f;f;f;f;f;f;f;f;f;f;f;f;f;f;f;f;f;f
f;f;f;f;f;f;f;f;f;f;f;f;f;f;f;f;f;f;f;f;f;f;f;f;f;f;f;f;f;f;f;f;f;f;f;f;f;f;f;f;f;f;f;f;f;f;f;f;f;f;f;f;f;f;f;f;f;f;f;f;f;f;f;f;f;f;f;f;f;f;f;f;f;f;f;f;f;f;f;f;f;f;f;f;f;f;f;f;f;f;f;f;f;f;f;f;f;f;f;f;f;f;f;f;f;f;f;f;f;f;f;f;f;f;f;f;f;f;f;f;f;f;f
f;f;f;f;f;f;f;f;f;f;f;f;f;f;f;f;f;f;f;f;f;f;f;f;f;f;f;f;f;f;f;f;f;f;f;f;f;f;f;f;f;f;f;f;f;f;f;f;f;f;f;f;f;f;f;f;f;f;f;f;f;f;f;f;f;f;f;f;f;f;f;f;f;f;f;f;f;f;f;f;f;f;f;f;f;f;f;f;f;f;f;f;f;f;f;f;f;f;f;f;f;f;f;f;f;f;f;f;f;f;f;f;f;f;f;f;f;f;f;f;f;f;f
f;f;f;f;f;f;f;f;f;f;f;f;f;f;f;f;f;f;f;f;f;f;f;f;f;f;f;f;f;f;f;f;f;f;f;f;f;f;f;f;f;f;f;f;f;f;f;f;f;f;f;f;f;f;f;f;f;f;f;f;f;f;f;f;f;f;f;f;f;f;f;f;f;f;f;f;f;f;f;f;f;f;f;f;f;f;f;f;f;f;f;f;f;f;f;f;f;f;f;f;f;f;f;f;f;f;f;f;f;f;f;f;f;f;f;f;f;f;f;f;f;f;f
f;f;f;f;f;f;f;f;f;f;f;f;f;f;f;f;f;f;f;f;f;f;f;f;f;f;f;f;f;f;f;f;f;f;f;f;f;f;f;f;f;f;f;f;f;f;f;f;f;f;f;f;f;f;f;f;f;f;f;f;f;f;f;f;f;f;f;f;f;f;f;f;f;f;f;f;f;f;f;f;f;f;f;f;f;f;f;f;f;f;f;f;f;f;f;f;f;f;f;f;f;f;f;f;f;f;f;f;f;f;f;f;f;f;f;f;f;f;f;f;f;f;f
f;f;f;f;f;f;f;f;f;f;f;f;f;f;f;f;f;f;f;f;f;f;f;f;f;f;f;f;f;f;f;f;f;f;f;f;f;f;f;f;f;f;f;f;f;f;f;f;f;f;f;f;f;f;f;f;f;f;f;f;f;f;f;f;f;f;f;f;f;f;f;f;f;f;f;f;f;f;f;f;f;f;f;f;f;f;f;f;f;f;f;f;f;f;f;f;f;f;f;f;f;f;f;f;f;f;f;f;f;f;f;f;f;f;f;f;f;f;f;f;f;f;f
f;f;f;f;f;f;f;f;f;f;f;f;f;f;f;f;f;f;f;f;f;f;f;f;f;f;f;f;f;f;f;f;f;f;f;f;f;f;f;f;f;f;f;f;f;f;f;f;f;f;f;f;f;f;f;f;f;f;f;f;f;f;f;f;f;f;f;f;f;f;f;f;f;f;f;f;f;f;f;f;f;f;f;f;f;f;f;f;f;f;f;f;f;f;f;f;f;f;f;f;f;f;f;f;f;f;f;f;f;f;f;f;f;f;f;f;f;f;f;f;f;f;f
f;f;f;f;f;f;f;f;f;f;f;f;f;f;f;f;f;f;f;f;f;f;f;f;f;f;f;f;f;f;f;f;f;f;f;f;f;f;f;f;f;f;f;f;f;f;f;f;f;f;f;f;f;f;f;f;f;f;f;f;f;f;f;f;f;f;f;f;f;f;f;f;f;f;f;f;f;f;f;f;f;f;f;f;f;f;f;f;f;f;f;f;f;f;f;f;f;f;f;f;f;f;f;f;f;f;f;f;f;f;f;f;f;f;f;f;f;f;f;f;f;f;f
f;f;f;f;f;f;f;f;f;f;f;f;f;f;f;f;f;f;f;f;f;f;f;f;f;f;f;f;f;f;f;f;f;f;f;f;f;f;f;f;f;f;f;f;f;f;f;f;f;f;f;f;f;f;f;f;f;f;f;f;f;f;f;f;f;f;f;f;f;f;f;f;f;f;f;f;f;f;f;f;f;f;f;f;f;f;f;f;f;f;f;f;f;f;f;f;f;f;f;f;f;f;f;f;f;f;f;f;f;f;f;f;f;f;f;f;f;f;f;f;f;f;f
f;f;f;f;f;f;f;f;f;f;f;f;f;f;f;f;f;f;f;f;f;f;f;f;f;f;f;f;f;f;f;f;f;f;f;f;f;f;f;f;f;f;f;f;f;f;f;f;f;f;f;f;f;f;f;f;f;f;f;f;f;f;f;f;f;f;f;f;f;f;f;f;f;f;f;f;f;f;f;f;f;f;f;f;f;f;f;f;f;f;f;f;f;f;f;f;f;f;f;f;f;f;f;f;f;f;f;f;f;f;f;f;f;f;f;f;f;f;f;f;f;f;f
f;f;f;f;f;f;f;f;f;f;f;f;f;f;f;f;f;f;f;f;f;f;f;f;f;f;f;f;f;f;f;f;f;f;f;f;f;f;f;f;f;f;f;f;f;f;f;f;f;f;f;f;f;f;f;f;f;f;f;f;f;f;f;f;f;f;f;f;f;f;f;f;f;f;f;f;f;f;f;f;f;f;f;f;f;f;f;f;f;f;f;f;f;f;f;f;f;f;f;f;f;f;f;f;f;f;f;f;f;f;f;f;f;f;f;f;f;f;f;f;f;f;f
f;f;f;f;f;f;f;f;f;f;f;f;f;f;f;f;f;f;f;f;f;f;f;f;f;f;f;f;f;f;f;f;f;f;f;f;f;f;f;f;f;f;f;f;f;f;f;f;f;f;f;f;f;f;f;f;f;f;f;f;f;f;f;f;f;f;f;f;f;f;f;f;f;f;f;f;f;f;f;f;f;f;f;f;f;f;f;f;f;f;f;f;f;f;f;f;f;f;f;f;f;f;f;f;f;f;f;f;f;f;f;f;f;f;f;f;f;f;f;f;f;f;f
f;f;f;f;f;f;f;f;f;f;f;f;f;f;f;f;f;f;f;f;f;f;f;f;f;f;f;f;f;f;f;f;f;f;f;f;f;f;f;f;f;0;0;0;f;f;f;f;f;f;f;f;f;f;f;f;f;f;f;f;f;f;f;f;f;f;f;f;f;f;f;f;f;f;f;f;f;f;f;f;f;f;f;f;f;f;f;f;f;f;f;f;f;f;f;f;f;f;f;f;f;f;f;f;f;f;f;f;f;f;f;f;f;f;f;f;f;f;f;f;f;f;f
f;f;f;f;f;f;f;f;f;f;f;f;f;f;f;f;f;f;f;f;f;f;f;f;f;f;f;f;f;f;f;f;f;f;f;f;f;f;f;f;0;0;0;0;0;f;f;f;f;f;f;f;f;f;f;f;f;f;f;f;f;f;f;f;f;f;f;f;f;f;f;f;f;f;f;f;f;f;f;f;f;0;0;0;f;f;f;f;f;f;f;f;f;f;f;f;f;f;f;f;f;f;f;f;f;f;f;f;f;f;f;f;f;f;f;f;f;f;f;f;f;f;f
f;f;f;f;f;f;f;f;f;f;f;f;f;f;f;f;f;f;f;f;f;f;f;f;f;f;f;f;f;f;f;f;f;f;f;0;f;f;f;0;0;0;0;0;0;f;f;f;f;f;f;f;f;f;f;f;f;f;f;f;f;f;f;f;f;f;f;f;f;f;f;f;f;f;f;f;f;f;f;f;f;0;0;0;f;f;f;f;f;f;f;f;f;f;f;f;f;f;f;f;f;f;f;f;f;f;f;f;f;f;f;f;f;f;f;f;f;f;f;f;f;f;f
f;f;f;f;f;f;f;f;f;f;f;f;f;f;f;f;f;f;f;f;f;f;f;f;f;f;f;f;f;f;f;f;f;f;f;0;0;f;f;0;0;0;0;0;0;0;f;f;f;f;f;f;f;f;f;f;f;f;f;f;f;f;f;f;f;f;f;f;f;f;f;f;f;f;f;f;f;f;f;f;0;0;0;0;f;f;f;f;f;f;f;f;f;f;f;f;f;f;f;f;f;f;f;f;f;f;f;f;f;f;f;f;f;f;f;f;f;f;f;f;f;f;f
f;f;f;f;f;f;f;f;f;f;f;f;f;f;f;f;f;f;f;f;f;f;f;f;f;f;f;f;f;f;f;f;f;f;f;f;f;f;f;f;0;0;0;0;0;0;f;f;f;f;f;f;f;f;f;f;f;f;f;f;f;f;f;f;f;f;f;f;f;f;f;f;f;f;f;f;f;f;f;f;0;0;0;0;f;f;f;f;f;f;f;f;f;f;f;f;f;f;f;f;f;f;f;f;f;f;f;f;f;f;f;f;f;f;f;f;f;f;f;f;f;f;f
f;f;f;f;f;f;f;f;f;f;f;f;f;f;f;f;f;f;f;f;f;f;f;f;f;f;f;f;f;f;f;f;f;f;f;f;f;f;f;f;0;0;0;0;0;0;f;f;f;f;f;f;f;f;f;f;f;f;f;f;f;f;f;f;f;f;f;f;f;f;f;f;f;f;f;f;f;f;f;0;0;0;0;0;f;f;f;0;0;0;f;f;f;f;f;f;f;f;f;f;f;f;f;f;f;f;f;f;f;f;f;f;f;f;f;f;f;f;f;f;f;f;f
f;f;f;f;f;f;f;f;f;f;f;f;f;f;f;f;f;f;f;f;f;f;f;f;f;f;f;f;f;f;f;f;f;f;f;f;f;f;f;f;f;f;0;0;0;f;f;f;f;f;f;f;f;f;f;f;f;f;f;f;f;f;f;0;0;f;f;f;f;f;f;f;f;f;f;f;f;f;f;0;0;0;0;0;f;f;f;0;0;0;0;f;f;f;f;f;f;f;f;f;f;f;f;f;f;f;f;f;f;f;0;0;0;f;f;f;f;f;f;f;f;f;f
f;f;f;f;f;f;f;f;f;f;f;f;f;f;f;f;f;f;f;f;f;f;f;f;f;f;f;f;f;f;f;f;f;f;f;f;f;f;f;f;f;f;f;f;f;f;f;f;f;f;f;f;f;f;f;f;f;f;f;f;f;f;0;0;0;f;f;f;f;f;f;f;f;f;f;f;f;f;0;0;0;0;0;f;f;f;f;0;0;0;0;0;f;f;f;f;f;f;f;f;f;f;f;f;f;f;f;f;f;0;0;0;0;0;f;f;f;f;f;f;f;f;f
f;f;f;f;f;f;f;f;f;f;f;f;f;f;f;f;f;f;f;f;f;f;f;f;f;f;f;f;f;f;f;f;f;f;f;f;f;f;f;f;f;f;f;f;f;f;f;f;f;f;f;f;f;f;f;f;f;f;f;f;0;0;0;0;0;0;f;f;f;f;f;f;f;f;f;f;f;f;0;0;0;0;0;f;f;f;f;f;0;0;0;0;f;f;f;f;f;f;f;f;f;f;f;f;f;f;f;f;0;0;0;0;0;0;0;f;f;f;f;f;f;f;f
f;f;f;f;f;f;f;f;f;f;f;f;f;f;f;f;f;f;f;f;f;f;f;f;f;f;f;f;f;f;f;f;f;f;f;f;f;f;f;f;f;f;f;f;f;f;f;f;f;f;f;f;f;f;f;f;f;f;f;f;0;0;0;0;0;0;f;f;f;f;f;f;f;f;f;f;f;f;0;0;0;0;0;f;f;f;f;f;f;0;0;0;f;f;f;f;f;f;f;f;f;f;f;f;f;f;f;f;0;0;0;0;0;0;0;0;f;f;f;f;f;f;f
f;f;f;f;f;f;f;f;f;f;f;f;f;f;f;f;f;f;f;f;f;f;f;f;f;f;f;f;f;f;f;f;f;f;f;f;f;f;f;f;f;f;f;f;f;f;f;f;f;f;f;f;f;f;f;f;f;f;f;f;f;0;0;0;0;f;f;f;f;f;f;f;f;f;f;f;f;f;0;0;0;0;0;f;f;f;f;f;f;f;f;f;f;f;f;f;f;f;f;f;f;f;f;f;f;f;f;f;0;0;0;0;0;0;0;0;f;f;f;f;f;f;f
f;f;f;f;f;f;f;f;f;f;f;f;f;f;f;f;f;f;f;f;f;f;f;f;f;f;f;f;f;f;f;f;f;f;f;f;f;f;f;f;f;f;f;f;f;f;f;f;f;f;f;f;f;f;f;f;f;f;f;f;f;f;0;f;f;f;f;f;f;f;f;f;f;f;f;f;f;f;f;0;0;0;f;f;f;f;f;f;f;f;f;f;f;f;f;f;f;f;f;f;f;f;f;f;f;f;f;0;0;0;0;0;0;0;0;0;f;f;f;f;f;f;f
f;f;f;f;f;f;f;f;f;f;f;f;f;f;f;f;f;f;f;f;f;f;f;f;f;f;f;f;f;f;f;f;f;f;f;f;f;f;f;f;f;f;f;f;f;f;f;f;f;f;f;f;f;f;f;f;f;f;f;f;f;f;f;f;f;f;f;f;f;f;f;f;f;f;f;f;f;f;f;f;0;0;f;f;f;f;f;f;f;f;f;f;f;f;f;f;f;f;f;f;f;f;f;f;f;f;f;0;0;0;0;0;0;0;0;0;f;f;f;f;f;f;f
f;f;f;f;f;f;f;f;f;f;f;f;f;f;f;f;f;f;f;f;f;f;f;f;f;f;f;f;f;f;f;f;f;f;f;f;f;f;f;f;f;f;f;f;f;f;f;f;f;f;f;f;f;f;f;f;f;f;f;f;f;f;f;f;f;f;f;f;f;f;f;f;f;f;f;f;f;f;f;f;f;f;f;f;f;f;f;f;f;f;f;f;f;f;f;f;f;f;f;f;f;f;f;f;f;f;f;f;0;0;0;0;0;f;f;f;f;f;f;f;f;f;f
f;f;f;f;f;f;f;f;f;f;f;f;f;f;f;f;f;f;f;f;f;f;f;f;f;f;f;f;f;f;f;f;f;f;f;f;f;f;f;f;f;f;f;f;f;f;f;f;f;f;f;f;f;f;f;f;f;f;f;f;f;f;f;f;f;f;f;f;f;f;f;f;f;f;f;f;f;f;f;f;f;f;f;f;f;f;f;f;f;f;f;f;f;f;f;f;f;f;f;f;f;f;f;f;f;f;f;f;f;f;f;f;f;f;f;f;f;f;f;f;f;f;f
f;f;f;f;f;f;f;f;f;f;f;f;f;f;f;f;f;f;f;f;f;f;f;f;f;f;f;f;f;f;f;f;f;f;f;f;f;f;f;f;f;f;f;f;f;f;f;f;f;f;f;f;f;f;f;f;f;f;f;f;f;f;f;f;f;f;f;f;f;f;f;f;f;f;f;f;f;f;f;f;f;f;f;f;f;f;f;f;f;f;f;f;f;f;f;f;f;f;f;f;f;f;f;f;f;f;f;f;f;f;f;f;f;f;f;f;f;f;f;f;f;f;f
f;f;f;f;f;f;f;f;f;f;f;f;f;f;f;f;f;f;f;f;f;f;f;f;f;f;f;0;0;f;f;f;f;f;f;f;f;f;f;f;f;f;f;f;f;f;f;f;f;f;f;f;f;f;f;f;f;f;f;f;f;f;f;f;f;f;f;f;f;f;f;f;f;f;f;f;f;f;f;f;f;f;f;f;f;f;f;f;f;f;f;f;f;f;f;f;f;f;f;f;f;f;f;f;f;f;f;f;f;f;f;f;f;f;f;f;f;f;f;f;f;f;f
f;f;f;f;f;f;f;f;f;f;f;f;f;f;f;f;f;f;f;f;f;f;f;f;f;f;0;0;0;0;f;f;f;f;f;f;f;f;f;f;f;f;f;f;f;f;f;f;f;f;f;f;f;f;f;f;f;f;f;f;f;f;f;f;f;f;f;f;f;f;f;f;f;f;f;f;f;f;f;f;f;f;f;f;f;f;f;f;f;f;f;f;f;f;f;f;f;f;f;f;f;f;f;f;f;f;f;f;f;f;f;f;f;f;f;f;f;f;f;f;f;f;f
f;f;f;f;f;f;f;f;f;f;f;f;f;f;f;f;f;f;f;f;f;f;f;f;f;f;0;0;0;0;f;f;f;f;f;f;f;f;f;f;f;f;f;f;f;f;f;f;f;f;f;f;f;f;f;f;f;f;f;f;f;f;f;f;f;f;f;f;f;f;f;f;f;f;f;f;f;f;f;f;f;f;f;f;f;f;f;f;f;f;f;f;f;f;f;f;f;f;f;f;f;f;f;f;f;f;f;f;f;f;f;f;f;f;f;f;f;f;f;f;f;f;f
f;f;f;f;f;f;f;f;f;f;f;f;f;f;f;f;f;f;f;f;f;f;f;f;f;f;0;0;0;0;f;f;f;f;f;f;f;f;f;f;f;f;f;f;f;f;f;f;f;f;f;f;f;f;f;f;f;f;f;f;f;f;f;f;f;f;f;f;f;f;f;f;f;f;f;f;f;f;f;f;f;f;f;f;f;f;f;f;f;f;f;f;f;f;f;f;f;f;f;f;f;f;f;f;f;f;f;f;f;f;f;f;f;f;f;f;f;f;f;f;f;f;f
f;f;f;f;f;f;f;f;f;f;f;f;f;f;f;f;f;f;f;f;f;f;f;f;f;f;f;0;0;f;f;f;f;f;f;f;f;f;f;f;f;f;f;f;f;f;f;f;f;f;f;f;f;f;f;f;f;f;f;f;f;f;f;f;f;f;f;f;f;f;f;f;f;f;f;f;f;f;f;f;f;f;f;f;f;f;f;f;f;f;f;f;f;f;f;f;f;f;f;f;f;f;f;f;f;f;f;f;f;f;f;f;f;f;f;f;f;f;f;f;f;f;f
f;f;f;f;f;f;f;f;f;f;f;f;f;f;f;f;f;f;f;f;f;f;f;f;f;f;f;f;f;f;f;f;f;f;f;f;f;f;f;f;f;f;f;f;f;f;f;f;f;f;f;f;f;f;f;f;f;f;f;f;f;f;f;f;f;f;f;f;f;f;f;f;f;f;f;f;f;f;f;f;f;f;f;f;f;f;f;f;f;f;f;f;f;f;f;f;f;f;f;f;f;f;f;f;f;f;f;f;f;f;f;f;f;f;f;f;f;f;f;f;f;f;f
f;f;f;f;f;f;f;f;f;f;f;f;f;f;f;f;f;f;f;f;f;f;f;f;f;f;f;f;f;f;f;f;f;f;f;f;f;f;f;f;f;f;f;f;f;f;f;f;f;f;f;f;f;f;f;f;f;f;f;f;f;f;f;f;f;f;f;f;f;f;f;f;f;f;f;f;f;f;f;f;f;f;f;f;f;f;f;f;f;f;f;f;f;f;f;f;f;f;f;f;f;f;f;f;f;f;f;f;f;f;f;f;f;f;f;f;f;f;f;f;f;f;f
f;f;f;f;f;f;f;f;f;f;f;f;f;f;f;f;f;f;f;f;f;f;f;f;f;f;f;f;f;f;f;f;f;f;f;f;f;f;f;f;f;f;f;f;f;f;f;f;f;f;f;f;f;f;f;f;f;f;f;f;f;f;f;f;f;f;f;f;f;f;f;f;f;f;f;f;f;f;f;f;f;f;f;f;f;f;f;f;f;f;f;f;f;f;f;f;f;f;f;f;f;f;f;f;f;f;f;f;f;f;f;f;f;f;f;f;f;f;f;f;f;f;f
f;f;f;f;f;f;f;f;f;f;f;f;f;f;f;f;f;f;f;f;f;f;f;f;f;f;f;f;f;f;f;f;f;f;f;f;f;f;f;f;f;f;f;f;f;f;f;f;f;f;f;f;f;f;f;f;f;f;f;f;f;f;f;f;f;f;f;f;f;f;f;f;f;f;f;f;f;f;f;f;f;f;f;f;f;f;f;f;f;f;f;f;f;f;f;f;f;f;f;f;f;f;f;f;f;f;f;f;f;f;f;f;f;f;f;f;f;f;f;f;f;f;f
f;f;f;f;f;f;f;0;0;f;f;f;f;f;f;f;f;f;f;f;f;f;f;f;f;f;f;f;f;f;f;f;f;f;f;f;f;f;f;f;f;f;f;f;f;f;f;f;f;f;f;f;f;f;f;f;f;f;f;f;f;f;f;f;f;f;f;f;f;f;f;f;f;f;f;f;f;f;f;f;f;f;f;f;f;f;f;f;f;f;f;f;f;f;f;f;f;f;f;f;f;f;f;f;f;f;f;f;f;f;f;f;f;f;f;f;f;f;f;f;f;f;f
f;f;f;f;f;f;0;0;0;f;f;f;f;f;f;f;f;f;f;f;f;f;f;f;f;f;f;f;f;f;f;f;f;f;f;f;f;f;f;f;f;f;f;f;f;f;f;f;f;f;f;f;f;f;f;f;f;f;f;f;f;f;f;f;f;f;f;f;f;f;f;f;f;f;f;f;f;f;f;f;f;f;f;f;f;f;f;f;f;f;f;f;f;f;f;f;f;f;f;f;f;f;f;f;f;f;f;f;f;f;f;f;f;f;f;f;f;f;f;f;f;f;f
f;f;f;f;f;f;0;0;0;0;f;f;f;f;f;f;f;f;f;f;f;f;f;f;f;f;f;f;f;f;f;f;f;f;f;f;f;f;f;f;f;f;f;f;f;f;f;f;f;f;f;f;f;f;f;f;f;f;f;f;f;f;f;f;f;f;f;f;f;f;f;f;f;f;f;f;f;f;f;f;f;f;f;f;f;f;f;f;f;f;f;f;f;f;f;f;f;f;f;f;f;f;f;f;f;f;f;f;f;f;f;f;f;f;f;f;f;f;f;f;f;f;f
f;f;f;f;0;0;0;0;0;0;f;f;f;f;f;f;f;f;f;f;f;f;f;f;f;f;f;f;f;f;f;f;f;f;f;f;f;f;f;f;f;f;f;f;0;0;f;f;f;f;f;f;f;f;f;f;f;f;f;f;f;f;f;f;f;f;f;f;f;f;f;f;f;f;f;f;f;f;f;f;f;f;f;f;f;f;f;f;f;f;f;f;f;f;f;f;f;f;f;f;f;f;f;f;f;f;f;f;f;f;f;f;f;f;f;f;f;f;f;f;f;f;f
f;f;f;f;0;0;0;0;0;0;f;f;f;f;f;f;f;f;f;f;f;f;f;f;f;f;f;f;f;f;f;f;f;f;f;f;f;f;f;f;f;f;f;f;0;0;0;f;f;f;f;f;f;f;f;f;f;f;f;f;f;f;f;f;f;f;f;f;f;f;f;f;f;f;f;f;f;f;f;f;f;f;f;f;f;f;f;f;f;f;f;f;f;f;f;f;f;f;f;f;f;f;f;f;f;f;f;f;f;f;f;f;f;f;f;f;f;f;f;f;f;f;f
f;f;f;f;0;0;0;0;0;0;f;f;f;f;f;f;f;f;f;f;f;f;f;f;f;f;f;f;f;f;f;f;f;f;f;f;f;f;f;f;f;f;f;f;0;0;f;f;f;f;f;f;f;f;f;f;f;f;f;f;f;f;f;f;f;f;f;f;f;f;f;f;f;f;f;f;f;f;f;f;f;f;f;f;f;f;f;f;f;f;f;f;f;f;f;f;f;f;f;f;f;f;f;f;f;f;f;f;f;f;f;f;f;f;f;f;f;f;f;f;f;f;f
f;f;f;f;f;f;0;0;0;f;f;f;f;f;f;f;f;f;f;f;f;f;f;f;f;f;f;f;f;f;f;f;f;f;f;f;f;f;f;f;f;f;f;f;f;f;f;f;f;f;f;f;f;f;f;f;f;f;f;f;f;f;f;f;f;f;f;f;f;f;f;f;f;f;f;f;f;f;f;f;f;f;f;f;f;f;f;f;f;f;f;f;f;f;f;f;f;f;f;f;f;f;f;f;f;f;f;f;f;f;f;f;f;f;f;f;f;f;f;f;f;f;f
f;f;f;f;f;f;f;f;f;f;f;f;f;f;f;f;f;f;f;f;f;f;f;f;f;f;f;f;f;f;f;f;f;f;f;f;f;f;f;f;f;f;f;f;f;f;f;f;f;f;f;f;f;f;f;f;f;f;f;f;f;f;f;f;f;f;f;f;f;f;f;f;f;f;f;f;f;f;f;f;f;f;f;f;f;f;f;f;f;f;f;f;f;f;f;f;f;f;f;f;f;f;f;f;f;f;f;f;f;f;f;f;f;f;f;f;f;f;f;f;f;f;f
f;f;f;f;f;f;f;f;f;f;f;f;f;f;f;f;f;f;f;f;f;f;f;f;f;f;f;f;f;f;f;f;f;f;f;f;f;f;f;f;f;f;f;f;f;f;f;f;f;f;f;f;f;f;f;f;f;f;f;f;f;f;f;f;f;f;f;f;f;f;f;f;f;f;f;f;f;f;f;f;f;f;f;f;f;f;f;f;f;f;f;f;f;f;f;f;f;f;f;f;f;f;f;f;f;f;f;f;f;f;f;f;f;f;f;f;f;f;f;f;f;f;f
f;f;f;f;f;f;f;f;f;f;f;f;f;f;f;f;f;f;f;f;f;f;f;f;f;f;f;f;f;f;f;f;f;f;f;f;f;f;f;f;f;f;f;f;f;f;f;f;f;f;f;f;f;f;f;f;f;f;f;f;f;f;f;f;f;f;f;f;f;f;f;f;f;f;f;f;f;f;f;f;f;f;f;f;f;f;f;f;f;f;f;f;f;f;f;f;f;f;f;f;f;f;f;f;f;f;f;f;f;f;f;f;f;f;f;f;f;f;f;f;f;f;f
f;f;f;f;f;f;f;f;f;f;f;f;f;f;f;f;f;f;f;f;f;f;f;f;f;f;f;f;f;f;f;f;f;f;f;f;f;f;f;f;f;f;f;f;f;f;f;f;f;f;f;f;f;f;f;f;f;f;f;f;f;f;f;f;f;f;f;f;f;f;f;f;f;f;f;f;f;f;f;f;f;f;f;f;f;f;f;f;f;f;f;f;f;f;f;f;f;f;f;f;f;f;f;f;f;f;f;f;f;f;f;f;f;f;f;f;f;f;f;f;f;f;f
f;f;f;f;f;f;f;f;f;f;f;f;f;f;f;f;f;f;f;f;f;f;f;f;f;f;0;0;f;f;f;f;f;f;f;f;f;f;f;f;f;f;f;f;f;f;f;f;f;f;f;f;f;f;f;f;f;f;f;f;f;f;f;f;f;f;f;f;f;f;f;f;f;f;f;f;f;f;f;f;f;f;f;f;f;f;f;f;f;f;f;f;f;f;f;f;f;f;f;f;f;f;f;f;f;f;f;f;f;f;f;f;f;f;f;f;f;f;f;f;f;f;f
f;f;f;f;f;f;f;f;f;f;f;f;f;f;f;f;f;f;f;f;f;f;f;f;f;f;f;f;f;f;f;f;f;f;f;f;f;f;f;f;f;f;f;f;f;f;f;f;f;f;f;f;f;f;f;f;f;f;f;f;f;f;f;f;f;f;f;f;f;f;f;f;f;f;f;f;f;f;f;f;f;f;f;f;f;f;f;f;f;f;f;f;f;f;f;f;f;f;f;f;f;f;f;f;f;f;f;f;f;f;f;f;f;f;f;f;f;f;f;f;f;f;f
f;f;f;f;f;f;f;f;f;f;f;f;f;f;f;f;f;f;f;f;f;f;f;0;0;0;0;0;0;f;f;f;f;f;f;f;f;f;f;f;f;f;f;f;f;f;f;f;f;f;f;f;f;f;f;f;f;f;f;f;f;f;f;f;f;f;f;f;f;f;f;f;f;f;f;f;f;f;f;f;f;f;f;f;f;f;f;f;f;f;f;f;f;f;f;f;f;f;f;f;f;f;f;f;f;f;f;f;f;f;f;f;f;f;f;f;f;f;f;f;f;f;f
