F;F;F;F;F;F;F;F;F;F;F;F;F;F;F;C;C;C;C;C;C;C;C;C;C;C;C;C;C;C;C;C;C;C;C;C;C;C;C;C;C;C;C;C;C;C;C;C;C;C;C;C;C;C;C;C;C;C;C;C;C;C;C;C;C;C;C;C;C;C;C;C;C;0;0;0;0;0;0;0;0;0;0;0;0;0;0;0;0;0;0;0;0;0;0;C;C;C;C;C;C;C;C;C;C;C;C;C;C;C;C;C;C;C;C;C;C;C;C;C;C;C;C;C;C;C;C;C;C;F;F;F;F;F;F;F;F;F;F;F;F;F;F;F;F;F;F;F;F;A;A;A;A;A;A;A;A;A;A;A;A;A;A;A;A;A;A;A;A;A;A
F;F;F;F;F;F;F;F;F;F;F;F;F;F;F;C;C;C;C;C;C;C;C;C;C;C;C;C;C;C;C;C;C;C;C;C;C;C;C;C;C;C;C;C;C;C;C;C;C;C;C;C;C;C;C;C;C;C;C;C;C;C;C;C;C;C;C;C;C;C;C;C;C;0;0;0;0;0;0;0;0;0;0;0;0;0;0;0;0;0;0;0;0;0;0;C;C;C;C;C;C;C;C;C;C;C;C;C;C;C;C;C;C;C;C;C;C;C;C;C;C;C;C;C;C;C;C;C;C;F;F;F;F;F;F;F;F;F;F;F;F;F;F;F;F;F;F;F;F;A;A;A;A;A;A;A;A;A;A;A;A;A;A;A;A;A;A;A;A;A;A
F;F;F;F;F;F;F;F;F;F;F;F;F;F;F;C;C;C;C;C;C;C;C;C;C;C;C;C;C;C;C;C;C;C;C;C;C;C;C;C;C;C;C;C;C;C;C;C;C;C;C;C;C;C;C;C;C;C;C;C;C;C;C;C;C;C;C;C;C;C;C;C;C;0;0;0;0;0;0;0;0;0;0;0;0;0;0;0;0;0;0;0;0;0;0;C;C;C;C;C;C;C;C;C;C;C;C;C;C;C;C;C;C;C;C;C;C;C;C;C;C;C;C;C;C;C;C;C;C;F;F;F;F;F;F;F;F;F;F;F;F;F;F;F;F;F;F;F;F;A;A;A;A;A;A;A;A;A;A;A;A;A;A;A;A;A;A;A;A;A;A
F;F;F;F;F;F;F;F;F;F;F;F;F;F;C;C;C;C;C;C;C;C;C;C;0;0;0;0;C;C;C;C;C;C;C;C;C;C;C;C;C;C;C;C;C;C;C;C;C;C;C;C;C;C;C;C;C;C;C;C;C;C;C;C;C;C;C;C;C;C;C;C;C;0;0;0;0;0;0;0;0;0;0;0;0;0;0;0;0;0;0;0;0;0;0;C;C;C;C;C;C;C;C;C;C;C;C;C;C;C;C;C;C;C;C;C;C;C;C;C;C;C;C;C;C;C;C;C;C;F;F;F;F;F;F;F;F;F;F;F;F;F;F;F;F;F;F;F;F;A;A;A;A;A;A;A;A;A;A;A;A;A;A;A;A;A;A;A;A;A;A
F;F;F;F;F;F;F;F;F;F;F;F;F;F;C;C;C;C;C;C;C;0;C;C;0;0;0;0;C;C;C;C;C;C;C;C;C;C;C;C;C;C;C;C;C;C;C;C;C;0;0;0;0;C;C;C;C;C;C;C;C;C;C;C;C;C;C;C;C;C;C;C;C;0;0;0;0;0;0;0;0;0;0;0;0;0;0;0;0;0;0;0;0;0;0;C;C;C;C;C;C;C;C;C;C;C;C;C;C;C;C;C;C;C;C;C;C;C;C;C;C;C;C;C;C;C;C;C;C;F;F;F;F;F;F;F;F;F;F;F;F;F;F;F;F;F;F;F;F;A;A;A;A;A;A;A;A;A;A;A;A;A;A;A;A;A;A;A;A;A;A
F;F;F;F;F;F;F;F;F;F;F;F;F;F;C;C;C;C;C;C;C;0;0;0;0;C;C;C;C;C;C;C;C;C;C;C;C;C;C;C;C;C;C;C;0;0;0;0;0;0;0;0;0;C;C;C;C;C;0;0;0;0;0;0;0;0;0;C;C;C;C;C;C;0;0;0;0;0;0;0;0;0;0;0;0;0;0;0;0;0;0;0;0;0;0;0;0;C;C;C;0;C;C;C;C;C;C;C;C;C;C;C;C;C;C;C;C;C;C;C;C;C;C;C;C;C;C;C;C;F;F;F;F;F;F;F;F;F;F;F;F;F;F;F;F;F;F;F;F;A;A;A;A;A;A;A;A;A;A;A;A;A;A;A;A;A;A;A;A;A;A
F;F;F;F;F;F;F;F;F;F;F;F;F;F;C;C;C;C;C;C;C;0;0;0;0;0;C;C;0;0;C;C;C;C;C;C;C;C;C;C;C;C;C;C;0;0;0;0;0;0;0;0;0;0;0;0;0;0;0;0;0;0;0;0;0;0;0;0;C;C;C;C;C;0;0;0;0;0;0;0;0;0;0;0;0;0;0;0;0;0;0;0;0;0;0;0;0;C;C;C;0;C;C;C;C;C;C;C;C;C;C;C;C;C;C;C;C;0;0;0;0;0;0;0;0;C;C;C;C;F;F;F;F;F;F;F;F;F;F;F;F;F;F;F;F;F;F;F;F;A;A;A;A;A;A;A;A;A;A;A;A;A;A;A;A;A;A;A;A;A;A
F;F;F;F;F;F;F;F;F;F;F;F;F;F;C;C;C;C;C;C;C;0;0;0;0;0;0;C;0;0;C;C;C;C;C;C;0;0;0;0;0;0;0;0;0;0;0;0;0;0;0;0;0;0;0;0;0;0;0;0;0;0;0;0;0;0;0;0;C;C;C;C;C;0;0;0;0;0;0;0;0;0;0;0;0;0;0;0;0;0;0;0;0;0;0;0;0;C;C;C;0;C;C;C;C;C;C;C;C;C;C;C;0;0;0;0;0;0;0;0;0;0;0;0;0;0;0;0;0;F;F;F;F;F;F;F;F;F;F;F;F;F;F;F;F;F;F;F;F;A;A;A;A;A;A;A;A;A;A;A;A;A;A;A;A;A;A;A;A;A;A
F;F;F;F;F;F;F;F;F;F;F;F;F;F;C;C;C;C;C;C;C;0;0;0;0;0;0;0;0;0;C;C;C;C;C;C;0;0;0;0;0;0;0;0;0;0;0;0;0;0;0;0;0;0;0;0;0;0;0;0;0;0;0;0;0;0;0;0;C;C;C;C;0;0;0;0;0;0;0;0;0;0;0;0;0;0;0;0;0;0;0;0;0;0;0;0;0;0;0;0;0;C;C;C;C;C;C;C;C;C;C;C;0;0;0;0;0;0;0;0;0;0;0;0;0;0;0;0;0;F;F;F;F;F;F;F;F;F;F;F;F;F;F;F;F;F;F;F;F;A;A;A;A;A;A;A;A;A;A;A;A;A;A;A;A;A;A;A;A;A;A
F;F;F;F;F;F;F;F;F;F;F;F;F;F;C;C;C;C;C;C;C;0;0;0;0;0;0;0;0;0;0;C;C;C;C;C;0;0;0;0;0;0;0;0;0;0;0;0;0;0;0;0;0;0;0;0;0;0;0;0;0;0;0;0;0;0;0;0;0;0;0;0;0;0;0;0;0;0;0;0;0;0;0;0;0;0;0;0;0;0;0;0;0;0;0;0;0;0;0;0;0;0;C;C;C;0;0;C;C;0;0;0;0;0;0;0;0;0;0;0;0;0;0;0;0;0;0;0;0;F;F;F;F;F;F;F;F;F;F;F;F;F;F;F;F;F;F;F;F;A;A;A;A;A;A;A;A;A;A;A;A;A;A;A;A;A;A;A;A;A;A
F;F;F;F;F;F;F;F;F;F;F;F;F;F;C;C;C;C;C;C;C;0;0;0;0;0;0;0;0;0;F;A;A;A;A;A;0;0;0;0;0;0;0;0;0;0;0;0;0;0;0;0;0;0;0;0;0;0;0;0;0;0;0;0;0;0;0;0;0;0;0;0;0;0;0;0;0;0;0;0;0;0;0;0;0;0;0;0;0;0;0;0;0;0;0;0;0;0;0;0;0;0;C;C;C;0;0;C;C;C;0;0;0;0;0;0;0;0;0;0;0;0;0;0;0;0;0;0;0;0;F;F;F;F;F;F;F;F;F;F;F;F;F;F;F;F;F;F;F;A;A;A;A;A;A;A;A;A;A;A;A;A;A;A;A;A;A;A;A;A;A
F;F;F;F;F;F;F;F;F;F;F;F;F;F;C;C;C;C;C;C;C;0;0;0;0;0;0;0;0;0;F;A;A;A;A;A;0;0;0;0;0;0;0;0;0;0;0;0;0;0;0;0;0;0;0;0;0;0;0;0;0;0;0;0;0;0;0;0;0;0;0;0;0;0;0;0;0;0;0;0;0;0;0;0;0;0;0;0;0;0;0;0;0;0;0;0;0;0;0;0;0;0;0;0;0;0;C;C;C;C;0;0;0;0;0;0;0;0;0;0;0;0;0;0;0;0;0;0;0;0;0;0;0;0;0;0;0;F;F;F;F;F;F;F;F;F;F;F;F;A;A;A;A;A;A;A;A;A;A;A;A;A;A;A;A;A;A;A;A;A;A
F;F;F;F;F;F;F;F;F;F;F;F;F;F;C;C;C;C;C;C;C;0;0;0;0;0;0;0;0;0;F;A;A;A;A;A;0;0;0;0;0;0;0;0;0;0;0;0;0;0;0;0;0;0;0;0;0;0;0;0;0;0;0;0;0;0;0;0;0;0;0;0;0;0;0;0;0;0;0;0;0;0;0;0;0;0;0;0;0;0;0;0;0;0;0;0;0;0;0;0;0;0;0;0;0;A;A;0;0;0;0;0;0;0;0;0;0;0;0;0;0;0;0;0;0;0;0;0;0;0;0;0;0;0;0;0;0;F;F;F;F;F;F;F;F;F;F;F;F;A;A;A;A;A;A;A;A;A;A;A;A;A;A;A;A;A;A;A;A;A;A
F;F;F;F;F;F;F;F;F;F;F;F;F;F;C;C;C;C;C;C;0;0;0;0;0;0;0;0;0;0;F;A;A;A;A;A;0;0;0;0;0;0;0;0;0;0;0;0;0;0;0;0;0;0;0;0;0;0;0;0;0;0;0;0;0;0;0;0;0;0;0;0;0;0;0;0;0;0;0;0;0;0;0;0;0;0;0;0;0;0;0;0;0;0;0;0;0;0;0;0;0;0;0;0;F;A;A;0;0;0;0;0;0;0;0;0;0;0;0;0;0;0;0;0;0;0;0;0;0;0;0;0;0;0;0;0;0;F;F;F;F;F;F;F;F;F;F;F;F;A;A;A;A;A;A;A;A;A;A;A;A;A;A;A;A;A;A;A;A;A;A
F;F;F;F;F;F;F;F;F;F;F;F;F;F;C;C;C;C;C;C;0;0;0;0;0;0;0;0;0;0;F;F;F;F;F;F;0;0;0;0;0;0;0;0;0;0;0;0;0;0;0;0;0;0;0;0;0;0;0;0;0;0;0;0;0;0;0;0;0;0;0;0;0;0;0;0;0;0;0;0;0;0;0;0;0;0;0;0;0;0;0;0;0;0;0;0;0;0;0;0;0;0;0;0;F;A;A;0;0;0;0;0;0;0;0;0;0;0;0;0;0;0;0;0;0;0;0;0;0;0;0;0;0;0;0;0;0;0;0;0;0;0;F;F;F;F;F;F;F;A;A;A;A;A;A;A;A;A;A;A;A;A;A;A;A;A;A;A;A;A;A
F;F;F;F;F;F;F;F;F;F;F;F;F;F;C;C;C;C;C;C;0;0;0;0;0;0;0;0;0;0;0;0;0;0;0;0;0;0;0;0;0;0;0;0;0;0;0;0;0;0;0;0;0;0;0;0;0;0;0;0;0;0;0;0;0;0;0;0;0;0;0;0;0;0;0;0;0;0;0;0;0;0;0;0;0;0;0;0;0;0;0;0;0;0;0;0;0;0;0;0;0;0;0;0;F;A;A;0;0;0;0;0;0;0;0;0;0;0;0;0;0;0;0;0;0;0;0;0;0;0;0;0;0;0;0;0;0;0;0;0;0;0;F;F;F;F;F;F;F;A;A;A;A;A;A;A;A;A;A;A;A;A;A;A;A;A;A;A;A;A;A
F;F;F;F;F;F;F;F;F;F;F;F;F;F;C;C;C;C;C;C;0;0;0;0;0;0;0;0;0;0;0;0;0;0;0;0;0;0;0;0;0;0;0;0;0;0;0;0;0;0;0;0;0;0;0;0;0;0;0;0;0;0;0;0;0;0;0;0;0;0;0;0;0;0;0;0;0;0;0;0;0;0;0;0;0;0;0;0;0;0;0;0;0;0;0;0;0;0;0;0;0;0;0;0;F;A;F;0;0;0;0;0;0;0;0;0;0;0;0;0;0;0;0;0;0;0;0;0;0;0;0;0;0;0;0;0;0;0;0;0;0;0;F;F;F;F;F;F;F;A;A;A;A;A;A;A;A;A;A;A;A;A;A;A;A;A;A;A;A;A;A
F;F;F;F;F;F;F;F;F;F;F;F;F;F;C;C;C;C;C;C;C;0;0;0;0;0;0;0;0;0;0;0;0;0;0;0;0;0;0;0;0;0;0;0;0;0;0;0;0;0;0;0;0;0;0;0;0;0;0;0;0;0;0;0;0;0;0;0;0;0;0;0;0;0;0;0;0;0;0;0;0;0;0;0;0;0;0;0;0;0;0;0;0;0;0;0;0;0;0;0;0;0;0;0;F;A;F;0;0;0;0;0;0;0;0;0;0;0;0;0;0;0;0;0;0;0;0;0;0;0;0;0;0;0;0;0;0;0;0;0;0;0;F;F;F;F;F;F;F;A;A;A;A;A;A;A;A;A;A;A;A;A;A;A;A;A;A;A;A;A;A
F;F;F;F;F;F;F;F;F;F;F;F;F;F;C;C;C;C;C;C;C;0;0;0;0;0;0;0;0;0;0;0;0;0;0;0;0;0;0;0;0;0;0;0;0;0;0;0;0;0;0;0;0;0;0;0;0;0;0;0;0;0;0;0;0;0;0;0;0;0;0;0;0;0;0;0;0;0;0;0;0;0;0;0;0;0;0;0;0;0;0;0;0;0;0;0;0;0;0;0;0;0;0;0;F;A;A;0;0;0;0;0;0;0;0;0;0;0;0;0;0;0;0;0;0;0;0;0;0;0;0;0;0;0;0;0;0;0;0;0;0;0;F;F;F;F;F;F;F;F;F;F;F;F;F;F;F;F;F;F;F;F;F;F;F;F;F;F;F;F;F
F;F;F;F;F;F;F;F;F;F;F;F;F;F;F;F;C;C;C;C;C;0;0;0;0;0;0;0;0;0;0;0;0;0;0;0;0;0;0;0;0;0;0;0;0;0;0;0;0;0;0;0;0;0;0;0;0;0;0;0;0;0;0;0;0;0;0;0;0;0;0;0;0;0;0;0;0;0;0;0;0;0;0;0;0;0;0;0;0;0;0;0;0;0;0;0;0;0;0;0;0;0;0;0;0;F;F;0;0;0;0;0;0;0;0;0;0;0;0;0;0;0;0;0;0;0;0;0;0;0;0;0;0;0;0;0;0;0;0;0;0;0;0;0;0;0;F;F;F;F;F;F;F;F;F;F;F;F;F;F;F;F;F;F;F;F;F;F;F;F;F
F;F;F;F;F;F;F;F;F;F;F;F;F;F;F;F;0;0;0;0;0;0;0;0;0;0;0;0;0;0;0;0;0;0;0;0;F;F;F;0;0;0;0;0;0;0;0;0;0;0;0;0;0;0;0;0;0;0;0;0;0;0;0;0;0;0;0;0;0;0;0;0;0;0;0;0;0;0;0;0;0;0;0;0;0;0;0;0;0;0;0;0;0;0;0;0;0;0;0;0;0;0;0;0;0;0;0;0;0;0;0;0;0;0;0;0;0;0;0;0;0;0;0;0;0;0;0;0;0;0;0;0;0;0;0;0;0;0;0;0;0;0;0;0;0;0;F;F;F;F;F;F;F;F;F;F;F;F;F;F;F;F;F;F;F;F;F;F;F;F;F
F;F;F;F;F;F;F;F;F;F;F;F;F;F;F;F;F;F;F;0;0;0;0;0;0;0;0;0;0;0;0;0;0;0;0;0;F;F;F;0;0;0;0;0;0;0;0;0;0;0;0;0;0;0;0;0;0;0;0;0;0;0;0;0;0;0;0;0;0;0;0;0;0;0;0;0;0;0;0;0;0;0;0;0;0;0;0;0;0;0;0;0;0;0;0;0;0;0;0;0;0;0;0;0;0;0;0;0;0;0;0;0;0;0;0;0;0;0;0;0;0;0;0;0;0;0;0;0;0;0;0;0;0;0;0;0;0;0;0;0;0;0;0;0;0;0;F;F;F;F;F;F;F;F;F;F;F;F;F;F;F;F;F;F;F;F;F;F;F;F;F
F;F;F;F;F;F;F;F;F;F;F;F;F;F;F;F;F;F;F;0;0;0;0;0;0;0;0;0;0;0;0;0;0;0;0;0;0;0;0;0;0;0;0;0;0;0;0;0;0;0;0;0;0;0;0;0;0;0;0;0;0;0;0;0;0;0;0;0;0;0;0;0;0;0;0;0;0;0;0;0;0;0;0;0;0;0;0;0;0;0;0;0;0;0;0;0;0;0;0;0;0;0;0;0;0;0;0;0;0;0;0;0;0;0;0;0;0;0;0;0;0;0;0;0;0;0;0;0;0;0;0;0;0;0;0;0;0;0;0;0;0;0;0;0;0;0;F;F;F;F;F;F;F;F;F;F;F;F;F;F;F;F;F;F;F;F;F;F;F;F;F
F;F;F;F;F;F;F;F;F;F;F;F;F;F;F;F;F;F;0;0;0;0;0;0;0;0;0;0;0;0;0;0;0;0;0;0;0;0;0;0;0;0;0;0;0;0;0;0;0;0;0;0;0;0;0;0;0;0;0;0;0;0;0;0;0;0;0;0;0;0;0;0;0;0;0;0;0;0;0;0;0;0;0;0;0;0;0;0;0;0;0;0;0;0;0;0;0;0;0;0;0;0;0;0;0;0;0;0;0;0;0;0;0;0;0;0;0;0;0;0;0;0;0;0;0;0;0;0;0;0;0;0;0;0;0;0;0;0;0;0;0;0;0;0;0;0;0;0;0;F;F;F;F;F;F;F;F;F;F;F;F;F;F;F;F;F;F;F;F;F;F
F;F;F;F;F;F;F;F;F;F;F;F;F;F;F;F;F;F;0;0;0;0;0;0;0;0;0;0;0;0;0;0;0;0;0;0;0;0;0;0;0;0;0;0;0;0;0;0;0;0;0;0;0;0;0;0;0;0;0;0;0;0;0;0;0;0;0;0;0;0;0;0;0;0;0;0;0;0;0;0;0;0;0;0;0;0;0;0;0;0;0;0;0;0;0;0;0;0;0;0;0;0;0;0;0;0;0;0;0;0;0;0;0;0;0;0;0;0;0;0;0;0;0;0;0;0;0;0;0;0;0;0;0;0;0;0;0;0;0;0;0;0;0;0;0;0;0;0;0;A;F;F;F;F;F;F;F;F;F;F;F;F;F;F;F;F;F;F;F;F;F
F;F;F;F;F;F;F;0;F;F;F;F;F;F;F;F;F;0;0;0;0;0;0;0;0;0;0;0;0;0;0;0;0;0;0;0;0;0;0;0;0;0;0;0;0;0;0;0;0;0;0;0;0;F;F;F;A;F;F;0;0;0;0;0;0;0;0;0;0;0;0;0;0;0;0;0;0;0;0;0;0;0;0;0;0;0;0;0;0;0;0;0;0;0;0;0;0;0;0;0;0;0;0;0;0;0;0;0;0;0;0;0;0;0;0;0;0;0;0;0;0;0;0;0;0;0;0;0;0;0;0;0;0;0;0;0;0;0;0;0;0;0;0;0;0;0;0;0;0;A;F;F;F;F;F;F;F;F;F;F;F;F;F;F;F;F;F;F;F;F;F
F;F;F;F;F;F;F;0;F;F;F;F;F;F;F;F;F;0;0;0;0;0;0;0;0;0;0;0;0;0;0;0;0;0;0;0;0;0;0;0;0;0;0;0;0;0;0;0;0;0;0;0;0;F;A;F;F;A;F;0;0;0;0;0;0;0;0;0;0;0;0;0;0;0;0;0;0;0;0;0;0;0;0;0;0;0;0;0;0;0;0;0;0;0;0;0;0;0;0;0;0;0;0;0;0;0;0;0;0;0;0;0;0;0;0;0;0;0;0;0;0;0;0;0;0;0;0;0;0;0;0;0;0;0;0;0;0;0;0;0;0;0;0;0;0;0;0;0;0;F;F;F;F;F;F;F;F;F;F;F;F;F;F;F;F;F;F;F;F;F;F
F;F;F;F;F;F;F;0;F;F;F;F;F;F;F;F;F;0;0;0;0;0;0;0;0;0;0;0;0;0;0;0;0;0;0;0;0;0;0;0;0;0;0;0;0;0;0;0;0;0;0;0;0;0;0;0;0;0;0;0;0;0;0;0;0;0;0;0;F;F;F;F;0;0;0;0;0;0;0;0;0;0;0;0;0;0;0;0;0;0;0;0;0;0;0;0;0;0;0;0;0;0;0;0;0;0;0;0;0;0;0;0;0;0;0;0;0;0;0;0;0;0;0;0;0;0;0;0;0;0;0;0;0;0;0;0;0;0;0;0;0;0;0;0;0;0;0;0;0;F;F;F;F;F;F;F;F;F;F;F;F;F;F;F;F;F;F;F;F;F;F
F;F;F;F;0;0;0;0;0;0;F;F;F;F;F;F;F;0;0;0;0;0;0;0;0;0;0;0;0;0;0;0;0;0;0;0;0;0;0;0;0;0;0;0;0;0;0;0;0;0;0;0;0;0;0;0;0;0;0;0;0;0;0;0;0;0;0;F;F;F;F;F;F;C;C;0;0;0;0;0;0;0;0;0;0;0;0;0;0;0;0;0;0;0;0;0;0;0;0;0;0;0;0;0;0;0;0;0;0;0;0;0;0;0;0;0;0;0;0;0;0;0;0;0;0;0;0;0;0;0;0;0;0;0;0;0;0;0;0;0;0;0;0;0;0;0;0;0;0;F;F;F;F;F;F;F;F;F;F;F;F;F;F;F;F;F;F;F;F;F;F
F;F;F;F;F;F;F;0;F;F;F;F;F;F;F;F;0;0;0;0;0;0;0;0;0;0;0;0;0;0;0;0;0;0;0;0;0;0;0;0;0;0;0;0;0;0;0;0;0;0;0;0;0;0;0;0;0;0;0;0;0;0;0;0;0;0;0;F;F;F;F;F;F;C;C;0;0;0;0;0;0;0;0;0;0;0;0;0;0;0;0;0;0;0;0;0;0;0;0;0;0;0;0;0;0;0;0;0;0;0;0;0;0;0;0;0;0;0;0;0;0;0;0;0;0;0;0;0;0;0;0;0;0;0;0;0;0;0;0;0;0;0;0;0;0;0;0;0;0;F;F;F;F;F;F;F;F;F;F;F;F;F;F;F;F;F;F;F;F;F;F
F;F;F;F;F;F;F;0;F;F;F;F;F;F;F;F;0;0;0;0;0;0;0;0;0;0;0;0;0;0;0;0;0;0;0;0;0;0;0;0;0;0;0;0;A;A;F;0;0;0;0;0;0;0;0;0;0;0;0;0;0;0;0;0;0;0;0;F;F;F;F;F;F;F;C;0;0;0;0;0;0;0;0;0;0;0;C;C;C;C;C;0;0;0;0;0;0;0;0;0;0;0;0;0;0;0;0;0;0;0;0;0;0;0;0;0;0;0;0;0;0;0;0;0;0;0;0;0;0;0;0;0;0;0;0;0;0;0;0;0;0;0;0;0;0;0;0;0;0;A;F;);F;);F;F;F;F;F;F;F;F;F;F;F;F;F;F;F;F;F
F;F;F;F;F;F;F;0;F;F;F;F;F;F;F;F;0;0;0;0;0;0;0;0;0;0;0;0;0;0;0;0;0;0;0;0;0;0;0;0;0;0;0;0;A;A;F;0;0;0;0;0;0;0;0;0;0;0;0;0;0;0;0;0;0;0;0;F;F;F;F;F;F;F;C;0;0;0;0;0;C;0;0;0;0;0;C;C;C;C;C;C;0;0;0;0;0;0;0;0;0;0;0;0;0;0;0;0;0;0;0;0;0;0;0;0;0;0;0;0;0;0;0;0;0;0;0;0;0;0;0;0;0;0;0;0;0;0;0;0;0;0;0;0;0;0;0;0;0;A;F;);F;);F;F;A;F;F;F;F;F;F;F;A;A;F;F;F;F;F
F;F;);F;F;F;F;F;F;F;F;F;);F;F;F;0;0;0;0;0;0;0;0;0;0;0;0;0;0;0;0;0;0;0;0;0;0;0;0;0;0;0;0;A;F;F;0;0;0;0;0;0;0;0;0;0;0;0;0;0;0;0;0;0;0;0;F;F;F;F;F;F;F;C;C;C;C;C;C;C;0;0;0;C;C;C;C;C;C;C;C;0;0;0;0;0;0;0;0;0;0;0;0;0;C;C;C;0;0;0;0;0;0;0;0;0;0;0;0;0;0;0;0;0;0;0;0;0;0;0;0;0;0;0;0;0;0;0;0;0;F;F;F;F;F;F;0;0;A;F;);F;);F;F;F;A;A;A;F;F;F;F;F;F;F;F;F;F;F
F;F;);););F;F;F;F;F;);););F;F;A;0;0;0;0;0;0;0;0;0;0;0;0;0;0;0;0;0;0;0;0;0;0;0;0;0;0;0;0;0;0;0;0;0;0;0;0;0;0;0;0;0;0;0;0;0;0;0;0;0;0;0;F;F;F;F;F;F;F;C;C;C;C;C;C;C;0;0;0;C;C;C;C;C;C;C;C;0;0;0;0;0;0;C;C;C;C;C;C;C;C;C;C;C;0;0;0;0;0;0;0;0;0;0;0;0;0;0;0;0;0;0;0;0;0;0;0;0;0;0;0;0;0;0;0;0;F;F;F;F;F;F;0;0;A;F;);F;);F;0;0;0;0;0;F;F;F;F;0;0;F;F;A;F;F
F;F;F;F;F;F;F;F;F;F;F;F;F;F;F;A;0;0;0;0;0;0;0;0;0;0;0;0;0;0;0;0;0;0;0;0;0;0;0;0;0;0;0;0;0;0;0;0;0;0;F;F;0;0;0;0;0;0;0;0;0;0;0;0;0;0;0;F;F;F;F;F;F;F;C;C;C;C;C;C;C;0;0;0;C;C;C;C;C;C;C;C;C;0;0;0;0;C;C;C;C;C;C;C;C;C;C;C;C;0;0;C;C;C;C;0;0;C;C;C;C;0;0;0;0;0;0;0;0;0;0;0;0;0;0;0;0;0;0;0;0;F;F;F;F;F;A;0;0;A;A;F;F;F;F;0;0;0;0;0;0;0;0;0;0;0;F;A;A;A;F
F;F;F;F;F;F;F;F;F;F;F;F;F;F;F;A;0;0;0;0;0;0;0;0;0;0;0;0;0;0;0;0;0;0;0;0;0;0;0;0;0;0;0;0;0;0;0;0;0;0;F;F;0;0;0;0;0;0;0;0;0;0;0;0;0;0;0;F;F;F;F;F;F;F;C;C;C;C;C;C;C;C;C;C;C;C;C;C;C;C;C;C;C;C;C;C;C;C;C;C;C;C;C;C;C;C;C;C;C;0;0;C;C;C;C;C;0;C;C;C;C;0;0;0;0;0;0;0;0;0;0;0;0;0;0;0;0;0;0;0;0;F;F;F;A;F;F;0;0;0;0;0;0;0;0;0;0;0;0;0;0;0;0;0;0;0;0;0;A;F;F
0;0;0;0;0;0;0;0;0;0;0;0;0;0;0;0;0;0;0;0;0;0;0;0;0;0;0;0;0;0;0;0;0;0;0;0;0;0;0;0;0;0;0;0;0;0;0;0;0;0;0;0;0;0;0;0;0;0;0;0;0;0;0;0;0;0;0;F;F;F;F;F;F;F;C;C;C;C;C;C;C;C;C;C;C;C;C;C;C;C;C;C;C;C;C;C;C;C;C;C;C;C;C;C;C;C;C;C;C;0;0;C;C;C;C;C;C;C;C;C;C;0;0;0;0;0;0;0;0;0;0;0;0;0;0;0;0;0;0;0;0;F;F;F;0;0;0;0;0;0;0;0;0;0;0;0;0;0;0;0;0;0;0;0;0;0;0;0;F;F;F
0;0;0;0;0;0;0;0;0;0;0;0;0;0;0;0;0;0;0;0;0;0;0;0;0;0;0;0;0;0;0;0;0;0;0;0;0;0;0;0;0;0;0;0;0;0;0;0;0;0;0;0;0;0;0;0;0;0;0;0;0;0;0;0;0;0;0;F;F;F;F;F;F;F;C;C;C;C;C;C;C;C;C;C;C;C;C;C;C;C;C;C;C;C;C;C;C;C;C;C;C;C;C;C;C;C;C;C;C;0;0;C;C;C;C;C;C;C;C;C;C;0;0;C;C;C;C;C;C;F;F;F;F;F;F;F;F;F;F;F;F;F;F;F;F;0;0;0;0;0;0;0;0;0;0;0;0;0;0;0;0;0;0;0;0;0;0;0;0;0;0
0;0;0;0;0;0;0;0;0;0;0;0;0;0;0;0;0;0;0;0;0;0;0;0;0;0;0;0;0;0;0;0;0;0;0;0;0;0;0;0;0;0;0;0;0;0;0;0;0;0;0;0;0;0;0;0;0;0;0;0;0;0;0;0;0;0;0;F;F;F;F;F;F;F;C;C;C;C;C;C;C;C;C;C;C;C;C;C;C;C;C;C;C;C;C;C;C;C;C;C;C;C;C;C;C;C;C;C;C;0;0;C;C;C;C;C;C;C;C;C;C;C;C;C;C;C;C;F;F;F;F;F;F;F;F;F;F;F;F;F;F;F;F;F;A;0;0;0;0;0;0;0;0;0;0;0;0;0;0;0;0;0;0;0;0;0;0;0;0;0;0
0;0;0;0;0;0;0;0;0;0;0;0;0;0;0;0;0;0;0;0;0;0;0;0;0;0;0;0;0;0;0;0;0;0;0;0;0;0;0;0;0;0;0;0;0;0;0;0;0;0;0;0;0;0;0;0;0;0;0;0;0;0;0;0;0;0;0;F;F;F;F;F;F;F;C;C;C;C;C;C;C;C;C;C;C;C;C;C;C;C;C;C;C;C;C;C;C;C;C;C;C;C;C;C;C;C;C;C;C;C;C;C;C;C;C;C;C;C;C;C;C;C;C;C;C;C;C;F;F;F;F;F;F;F;F;F;F;F;F;F;F;F;F;F;A;0;0;0;0;0;0;0;0;0;0;0;0;0;0;0;0;0;0;0;0;0;0;0;0;0;0
0;0;0;0;0;0;0;0;0;0;0;0;0;0;0;0;0;0;0;0;0;0;0;0;0;0;0;0;0;0;0;0;0;0;0;0;0;0;0;0;0;0;0;0;0;0;0;0;0;0;0;0;0;0;0;0;0;0;0;0;0;0;0;0;0;0;0;F;F;F;F;F;F;F;C;C;C;C;C;C;C;C;C;C;C;C;C;C;C;C;C;C;C;C;C;C;C;C;C;C;C;C;C;C;C;C;C;C;C;C;C;C;C;C;C;C;C;C;C;C;C;C;C;C;C;C;F;F;F;F;F;F;F;F;F;F;F;F;F;F;F;F;F;F;F;A;A;0;0;0;0;0;0;0;0;0;0;0;0;0;0;0;0;0;0;0;0;0;0;0;0
F;F;F;F;F;F;F;F;F;F;F;A;A;A;A;A;0;0;0;0;0;0;0;0;0;0;0;0;0;0;0;0;0;0;0;0;0;0;0;0;0;0;0;0;0;0;0;0;0;0;0;0;0;0;0;0;0;0;0;0;0;0;0;0;0;0;0;F;F;F;F;F;F;F;C;C;C;C;C;C;C;C;C;C;C;C;C;C;C;C;C;C;C;C;C;C;C;C;C;C;C;C;C;C;C;C;C;C;C;C;C;C;C;C;C;C;C;C;C;C;C;C;C;C;C;C;F;F;F;F;F;F;F;F;F;F;F;F;F;F;F;F;F;F;F;F;F;F;F;F;F;F;F;F;F;F;F;A;A;A;A;A;A;A;F;F;F;F;F;F;F
F;F;F;F;F;F;F;F;F;F;A;A;A;A;A;A;0;0;0;0;0;0;0;0;0;0;0;0;0;0;0;0;0;0;0;0;0;0;0;0;0;0;0;0;0;0;0;0;0;0;0;0;0;0;0;0;0;0;0;0;0;0;0;0;0;0;0;F;F;F;F;F;F;F;C;C;C;C;C;C;C;C;C;C;C;C;C;C;C;C;C;C;C;C;C;C;C;C;C;C;C;C;C;C;C;C;C;C;C;C;C;C;C;C;C;C;C;C;C;C;C;C;C;C;C;C;F;F;F;F;F;F;F;F;F;F;F;F;F;F;F;F;F;F;F;F;F;F;F;F;F;F;F;F;F;F;F;F;F;F;F;F;F;F;F;F;F;F;F;A;F
F;F;F;F;);););););F;A;A;A;A;A;0;0;0;0;0;0;0;0;0;0;0;0;0;0;0;0;0;0;0;0;0;0;0;0;0;0;0;0;0;0;0;0;0;0;0;0;0;0;0;0;0;0;0;0;0;0;0;0;0;0;0;0;F;F;F;F;F;F;F;C;C;C;C;C;C;C;C;C;C;C;C;C;C;C;C;C;C;C;C;C;C;C;C;C;C;C;C;C;C;C;C;C;C;C;C;C;C;C;C;C;C;C;C;C;C;C;C;C;C;C;C;F;F;F;F;F;F;F;F;F;F;F;F;F;F;F;F;F;F;F;F;F;F;F;F;F;F;F;F;F;F;F;);F;F;);F;F;);F;F;);F;F;F;F
F;F;F;F;F;F;F;F;);F;A;A;C;C;C;0;0;0;0;0;0;0;0;0;0;0;0;0;0;0;0;0;0;0;0;0;0;0;0;0;0;0;0;0;0;0;0;0;0;0;0;0;0;0;0;0;0;0;0;0;0;0;0;0;0;0;0;F;F;F;F;F;F;F;C;C;C;C;C;C;C;C;C;C;C;C;C;C;C;C;C;C;C;C;C;C;C;C;C;C;C;C;C;C;C;C;C;C;C;C;C;C;C;C;C;C;C;C;C;C;C;C;C;C;C;C;F;F;F;F;F;F;F;F;F;F;F;F;F;F;F;F;F;F;F;F;F;F;F;F;F;F;F;F;F;F;F;);F;F;);F;F;);F;F;);F;F;F;F
F;F;F;F;F;F;F;F;);A;A;A;C;C;C;C;0;0;0;0;0;0;0;0;0;0;0;0;0;0;0;0;0;0;0;0;0;0;0;0;0;0;0;0;0;0;0;0;0;0;0;0;0;0;0;0;0;0;0;0;0;0;0;0;0;0;0;F;F;F;F;F;F;F;C;C;C;C;C;C;0;0;0;0;0;0;0;0;0;0;0;0;0;0;0;0;0;0;0;0;0;0;0;0;0;0;0;0;0;0;0;0;0;0;0;0;0;0;0;0;0;0;0;0;0;0;F;F;F;F;F;F;F;F;F;F;F;F;F;F;F;F;F;F;F;F;F;F;F;F;F;F;F;F;F;F;F;);F;););F;F;););););F;F;F;F
F;F;F;);););F;F;);F;F;F;C;C;C;C;C;0;0;0;0;0;0;0;0;0;0;0;0;0;0;0;0;0;0;0;0;0;0;0;0;0;0;0;0;0;0;0;0;0;0;0;0;0;0;0;0;0;0;F;F;F;F;F;F;F;F;F;F;F;F;F;F;F;C;C;C;C;C;C;0;0;0;0;0;0;0;0;0;0;0;0;0;0;0;0;0;0;0;0;0;0;0;0;0;0;0;0;0;0;0;0;0;0;0;0;0;0;0;0;0;0;0;0;0;0;F;F;F;F;F;F;F;F;F;F;F;F;F;F;F;F;F;F;F;F;F;F;F;F;F;F;F;F;F;F;F;F;F;F;F;F;F;F;F;F;F;F;F;F;F
F;F;F;F;F;);F;F;);F;F;F;C;C;C;C;C;0;0;0;0;0;0;0;0;0;C;C;0;0;0;0;0;C;C;0;0;0;0;0;0;0;0;0;0;0;0;0;0;0;0;0;0;0;0;0;0;0;0;F;F;F;F;F;F;F;F;F;F;F;F;F;F;F;C;C;C;C;C;C;0;0;0;0;0;0;0;0;0;0;0;0;0;0;0;0;0;0;0;0;0;0;0;0;0;0;0;0;0;0;0;0;0;0;0;0;0;0;0;0;0;0;0;0;0;0;F;F;F;F;F;F;F;F;F;F;F;F;F;F;F;F;F;F;F;F;F;F;F;F;F;F;F;F;F;F;F;F;F;F;F;F;F;F;F;F;F;F;F;F;F
F;F;F;F;F;);F;F;);F;F;F;C;C;C;C;C;0;0;0;0;0;0;0;0;0;C;C;0;0;0;0;C;C;C;C;0;0;0;0;0;0;0;0;0;0;C;C;C;C;0;F;F;0;0;0;0;0;0;F;F;F;F;F;F;F;F;F;F;F;F;F;F;F;C;C;C;C;C;C;0;0;0;0;0;0;0;0;0;0;0;0;0;0;0;0;0;0;0;0;0;0;0;0;0;0;0;0;0;0;0;0;0;0;0;0;0;0;0;0;0;0;0;0;0;0;F;F;F;F;F;F;F;F;F;F;F;F;F;F;F;F;F;F;F;F;F;F;F;F;F;F;F;F;F;F;F;F;F;F;F;F;F;F;F;F;F;F;F;F;F
F;F;F;F;F;);F;F;);F;F;F;C;C;C;C;C;0;0;0;0;0;0;0;0;0;C;C;C;C;C;C;C;C;C;C;C;0;0;0;0;0;0;0;0;0;C;C;C;C;0;F;F;0;0;0;0;0;0;F;F;F;F;F;F;F;F;F;F;F;F;F;F;F;C;C;C;C;C;C;0;0;0;0;0;0;0;0;0;0;0;0;0;0;0;0;0;0;0;0;0;0;0;0;0;0;0;0;0;0;0;0;0;0;0;0;0;0;0;0;0;0;0;0;0;0;F;F;F;F;F;F;F;F;F;F;F;F;F;F;F;F;F;F;F;F;F;F;F;F;F;F;F;F;F;F;F;F;F;F;F;F;F;F;F;F;F;F;F;F;F
F;F;F;F;F;F;F;F;F;F;F;F;C;C;C;C;C;0;0;0;0;0;0;0;0;0;C;C;C;C;C;C;C;C;C;C;C;C;C;0;0;0;0;0;0;0;C;C;C;C;C;F;F;0;0;0;0;0;0;F;F;F;F;F;F;F;F;F;F;F;F;F;F;F;C;C;C;C;C;C;0;0;0;0;0;0;0;0;0;0;0;0;0;0;0;0;0;0;0;0;0;0;0;0;0;0;0;0;0;0;0;0;0;0;0;0;0;0;0;0;0;0;0;0;0;0;F;F;F;F;F;F;F;F;F;F;F;F;F;F;F;F;F;F;F;F;F;F;F;F;F;F;F;F;F;F;F;F;F;F;F;F;F;F;F;F;F;F;F;F;F
F;F;F;F;F;F;F;F;F;F;F;F;C;C;C;C;C;0;0;0;0;0;0;0;0;0;C;C;C;C;C;C;C;C;C;C;C;C;C;0;0;0;0;0;0;0;C;C;C;C;C;F;F;0;0;0;0;0;0;F;F;F;0;F;F;F;F;F;F;F;F;F;F;F;C;C;C;C;C;C;0;0;0;0;0;0;0;0;0;0;0;0;0;0;0;0;0;0;0;0;0;0;0;0;0;0;0;0;0;0;0;0;0;0;0;0;0;0;0;0;0;0;0;0;0;0;F;F;F;F;F;F;F;F;F;F;F;F;F;F;F;F;F;F;F;F;F;F;F;F;F;F;F;F;F;F;F;F;F;F;F;F;F;F;F;F;F;F;F;F;F
F;F;F;F;F;F;F;F;F;F;F;F;C;C;C;C;C;0;0;0;0;0;0;0;0;0;0;C;C;C;C;C;C;C;C;C;C;C;C;0;0;0;0;0;0;0;C;C;C;C;C;F;0;0;0;0;0;0;0;F;F;F;0;F;F;F;F;F;F;F;F;F;F;F;C;C;C;C;C;C;0;0;0;0;0;0;0;0;0;0;0;0;0;0;0;0;0;0;0;0;0;0;0;0;0;0;0;0;0;0;0;0;0;0;0;0;0;0;0;0;0;0;0;0;0;0;F;F;F;F;F;F;F;F;F;F;F;F;F;F;F;F;F;F;F;F;F;F;F;F;F;F;F;F;F;F;F;F;F;F;F;F;F;F;F;F;F;F;F;F;F
F;F;F;F;F;F;F;F;F;F;F;F;C;0;0;0;0;0;0;0;0;0;0;0;0;0;0;C;C;C;C;C;C;C;C;C;C;C;C;0;0;0;0;0;0;0;C;C;C;C;C;F;F;F;0;0;0;0;0;F;F;0;0;0;F;F;F;F;F;F;F;F;F;F;C;C;C;C;C;C;0;0;0;0;0;0;0;0;0;0;0;0;0;0;0;0;0;0;0;0;0;0;0;0;0;0;0;0;0;0;0;0;0;0;0;0;0;0;0;0;0;0;0;0;0;0;F;F;F;F;F;F;F;F;F;F;F;F;F;F;F;F;F;F;A;A;A;A;A;A;A;A;A;A;A;A;A;A;A;A;A;A;A;A;A;A;A;A;A;A;A
F;F;F;F;F;F;F;F;F;F;F;F;C;0;0;0;0;0;0;0;0;0;0;0;0;0;0;0;0;C;C;C;C;C;C;C;C;C;C;0;0;0;0;0;0;0;C;C;C;C;C;F;F;F;0;0;0;0;0;F;F;0;0;0;F;F;F;F;F;F;F;F;F;F;C;C;C;C;C;C;0;0;0;0;0;0;0;0;0;0;0;0;0;0;0;0;0;0;0;0;0;0;0;0;0;0;0;0;0;0;0;0;0;0;0;0;0;0;0;0;0;0;0;0;0;0;F;F;F;F;F;F;F;F;F;F;F;F;F;F;F;F;F;F;A;A;A;A;A;A;A;A;A;A;A;A;A;A;A;A;A;A;A;A;A;A;A;A;A;A;A
F;F;F;F;F;F;F;F;F;F;F;F;C;0;0;0;0;0;0;0;0;0;0;0;0;0;0;0;0;0;C;C;C;C;C;C;C;C;C;0;0;0;0;0;0;0;C;C;C;C;C;F;F;F;F;0;0;F;F;F;F;0;0;0;F;F;F;F;F;F;F;F;F;F;C;C;C;C;C;C;0;0;0;0;0;0;0;0;0;0;0;0;0;0;0;0;0;0;0;0;0;0;0;0;0;0;0;0;0;0;0;0;0;0;0;0;0;0;0;0;0;0;0;0;0;0;F;F;F;F;F;F;F;F;F;F;F;F;F;F;F;F;F;F;A;A;A;A;A;A;A;A;A;A;A;A;A;A;A;A;A;A;A;A;A;A;A;A;A;A;A
F;F;F;F;F;F;F;F;F;F;F;F;C;0;0;0;0;0;0;0;0;0;0;0;0;0;C;C;C;0;C;C;C;C;C;C;C;C;C;0;0;0;0;0;0;0;C;C;C;C;C;F;F;F;F;F;F;F;F;F;F;0;0;0;F;F;F;F;F;F;F;F;F;F;C;C;C;C;C;C;0;0;0;0;0;0;0;0;0;0;0;0;0;0;0;0;0;0;0;0;0;0;0;0;0;0;0;0;0;0;0;0;0;0;0;0;0;0;0;0;0;0;0;0;0;0;F;F;F;F;F;F;F;F;F;F;F;F;F;F;F;F;F;F;A;A;A;A;A;A;A;A;A;A;A;A;A;A;A;A;A;A;A;A;A;A;A;A;A;A;A
F;F;F;F;F;F;F;F;F;F;F;F;C;0;0;0;0;0;0;0;0;0;0;0;0;0;C;C;C;0;C;C;C;C;C;C;C;C;C;0;0;0;0;0;0;C;C;C;C;C;C;F;F;F;F;F;F;F;F;F;F;0;0;0;F;F;F;F;F;F;F;F;F;F;C;C;C;C;C;C;0;0;0;0;0;0;0;0;0;0;0;0;0;0;0;0;0;0;0;0;0;0;0;0;0;0;0;0;0;0;0;0;0;0;0;0;0;0;0;0;0;0;0;0;0;0;F;F;F;F;F;F;F;F;F;F;F;F;F;F;F;F;F;F;A;A;A;A;A;A;A;A;A;A;A;A;A;A;A;A;A;A;A;A;A;A;A;A;A;A;A
F;F;F;F;F;F;F;F;F;F;F;C;C;0;0;0;0;C;0;0;0;0;0;0;0;0;C;C;0;0;C;C;C;C;C;C;C;C;C;0;0;0;0;0;0;C;C;C;C;C;C;F;F;F;F;F;F;F;F;F;F;F;0;F;F;F;F;F;F;F;F;F;F;F;C;C;C;C;C;C;0;0;0;0;0;0;0;0;0;0;0;0;0;0;0;0;0;0;0;0;0;0;0;0;0;0;0;0;0;0;0;0;0;0;0;0;0;0;0;0;0;0;0;0;0;0;F;F;F;F;F;F;F;F;F;F;F;F;F;F;F;F;F;F;A;A;A;A;A;A;A;A;A;A;A;A;A;A;A;A;A;A;A;A;A;A;A;A;A;A;A
F;F;F;F;F;F;F;F;F;F;F;C;C;0;0;0;C;C;0;0;0;0;0;0;0;0;C;C;C;C;C;C;C;C;C;C;C;C;C;C;0;0;0;0;0;C;C;C;C;C;C;F;F;F;F;F;F;F;F;F;F;F;0;F;F;F;F;F;F;F;F;F;F;F;C;C;C;C;C;C;0;0;0;0;0;0;0;0;0;0;0;0;0;0;0;0;0;0;0;0;0;0;0;0;0;0;0;0;0;0;0;0;0;0;0;0;0;0;0;0;0;0;0;0;0;0;F;F;F;F;F;F;F;F;F;F;F;F;F;F;F;F;F;F;A;A;A;A;A;A;A;A;A;A;A;A;A;A;A;A;A;A;A;A;A;A;A;A;A;A;A
F;F;F;F;F;F;F;F;F;F;F;C;C;0;0;0;C;C;0;0;0;0;0;0;0;0;C;C;C;C;C;C;C;C;C;C;C;C;C;C;0;0;0;0;0;C;C;C;C;F;F;F;F;F;F;F;F;F;F;F;F;F;F;F;F;F;F;F;F;F;F;F;F;F;C;C;C;C;C;C;0;0;0;0;0;0;0;0;0;0;0;0;0;0;0;0;0;0;0;0;0;0;0;0;0;0;0;0;0;0;0;0;0;0;0;0;0;0;0;0;0;0;0;0;0;0;F;F;F;F;F;F;F;F;F;F;F;F;F;F;F;F;F;F;A;A;A;A;A;A;A;A;A;A;A;A;A;A;A;A;A;A;A;A;A;A;A;A;A;A;A
F;F;F;F;F;F;F;F;F;F;F;C;C;C;C;C;C;C;C;0;0;0;0;C;C;C;C;C;C;C;C;C;C;C;C;C;C;C;C;C;0;0;0;0;C;C;C;C;C;F;F;F;F;F;F;F;F;F;F;F;F;F;F;F;F;F;F;F;F;F;F;F;F;F;C;C;C;C;C;C;0;0;0;0;0;0;0;0;0;0;0;0;0;0;0;0;0;0;0;0;0;0;0;0;0;0;0;0;0;0;0;0;0;0;0;0;0;0;0;0;0;0;0;0;0;0;F;F;F;F;F;F;F;F;F;F;F;F;F;F;F;F;F;F;A;A;A;A;A;A;A;A;A;A;A;A;A;A;A;A;A;A;A;A;A;A;A;A;A;A;A
F;F;F;F;F;F;F;F;F;F;F;C;C;C;C;C;C;C;C;0;0;0;0;C;C;C;C;C;0;0;C;C;C;C;C;C;C;C;C;C;0;0;0;0;C;C;C;C;C;F;F;F;F;F;F;F;F;F;F;F;F;F;F;F;F;F;F;F;F;F;F;F;F;F;C;C;C;C;C;C;0;0;0;0;0;0;0;0;0;0;0;0;0;0;0;0;0;0;0;0;0;0;0;0;0;0;0;0;0;0;0;0;0;0;0;0;0;0;0;0;0;0;0;0;0;0;F;F;F;F;F;F;F;F;F;F;F;F;F;F;F;F;F;F;A;A;A;A;A;A;A;A;A;A;A;A;A;A;A;A;A;A;A;A;A;A;A;A;A;A;A
F;F;F;F;F;F;F;F;F;F;F;C;C;C;C;C;C;C;C;0;0;0;0;C;C;C;C;C;C;C;C;C;C;C;C;C;C;C;C;C;0;0;0;0;C;C;C;C;C;F;F;F;F;F;F;F;F;F;F;F;F;F;F;F;F;F;F;F;F;F;F;F;F;F;C;C;C;C;C;C;0;0;0;0;0;0;0;0;0;0;0;0;0;0;0;0;0;0;0;0;0;0;0;0;0;0;0;0;0;0;0;0;0;0;0;0;0;0;0;0;0;0;0;0;0;0;F;F;F;F;F;F;F;F;F;F;F;F;F;F;F;F;F;F;A;A;A;A;A;A;A;A;A;A;A;A;A;A;A;A;A;A;A;A;A;A;A;A;A;A;A
F;F;F;F;F;F;F;F;F;F;F;C;C;C;C;C;C;C;C;0;0;0;0;C;C;C;C;C;C;C;C;C;C;C;C;C;C;C;C;C;0;0;0;0;C;C;C;C;C;F;F;F;F;F;F;F;F;F;F;F;F;F;F;F;F;F;F;F;F;F;F;F;F;F;C;C;C;C;C;C;0;0;0;0;0;0;0;0;0;0;0;0;0;0;0;0;0;0;0;0;0;0;0;0;0;0;0;0;0;0;0;0;0;0;0;0;0;0;0;0;0;0;0;0;0;0;F;F;F;F;F;F;F;F;F;F;F;F;F;F;F;F;F;F;A;A;A;A;A;A;A;A;A;A;A;A;A;A;A;A;A;A;A;A;A;A;A;A;A;A;A
